23
aus                             
0.00 0.33 0.67 0.00 0.00 0.00 0.00 0.00 0.00 0.00 0.00 0.00 0.50 0.00 0.00 0.00 0.00 0.00 0.00 0.00 0.50 1.00 3 1 
bus                             
0.00 0.00 0.67 0.33 0.00 0.00 0.00 0.00 0.00 0.50 0.00 0.00 0.00 0.00 0.00 0.00 0.00 0.00 0.00 1.00 0.50 0.00 3 1 
long_name_taxon_1               
0.00 0.33 0.67 0.00 0.00 0.00 0.00 0.00 0.00 0.00 0.00 0.00 0.50 0.00 0.00 0.00 0.00 0.00 0.00 0.00 0.50 1.00 3 1 
AF379936_Basalys_not_really     
0.00 1.00 0.00 0.00 0.00 0.00 0.00 0.00 0.00 0.00 0.00 0.00 0.00 1.00 0.00 0.00 0.00 0.50 0.00 0.00 0.00 0.00 2 1 
Diphoropria_not_really_AF379937 
0.00 1.00 0.00 0.00 0.00 0.00 0.00 0.00 0.00 0.00 0.00 0.00 0.00 1.00 0.00 0.00 0.00 0.50 0.00 0.00 0.00 0.00 2 1 
taxon1                          
0.00 1.00 0.00 0.00 0.00 0.00 0.00 0.00 0.00 0.00 0.00 0.00 0.00 1.00 0.00 0.00 0.00 0.50 0.00 0.00 0.00 0.00 2 1 
taxon2                          
0.00 1.00 0.00 0.00 0.00 0.00 0.00 0.00 0.00 0.00 0.00 0.00 0.00 1.00 0.00 0.00 0.00 0.50 0.00 0.00 0.00 0.00 2 1 
taxon3                          
0.00 1.00 0.00 0.00 0.00 0.00 0.00 0.00 0.00 0.00 0.00 0.00 0.00 1.00 0.00 0.00 0.00 0.67 0.00 0.00 0.00 0.00 3 1 
taxon4                          
0.00 0.50 0.00 0.50 0.00 0.00 0.00 0.00 0.00 0.00 1.00 0.00 0.00 0.00 0.00 0.00 0.00 0.00 0.00 1.00 0.00 1.00 2 1 


23
aus                             
0.00 0.00 0.00 0.00 0.00 0.00 0.00 0.00 0.00 0.00 0.00 0.00 0.00 0.00 0.00 0.00 0.00 0.00 0.00 0.00 0.00 0.00 0 0 
bus                             
0.00 0.00 0.00 0.00 0.00 0.00 0.00 0.00 0.00 0.00 0.00 0.00 0.00 0.00 0.00 0.00 0.00 0.00 0.00 0.00 0.00 0.00 0 0 
long_name_taxon_1               
0.00 1.00 0.00 0.00 0.00 0.00 0.00 0.00 0.00 0.00 0.00 0.00 0.00 0.00 0.00 0.00 0.00 0.00 0.00 0.00 0.00 1.00 1 1 
AF379936_Basalys_not_really     
0.00 0.00 1.00 0.00 0.00 0.00 0.00 0.00 0.00 0.00 0.00 0.00 0.00 0.00 0.00 0.00 0.00 0.00 0.00 0.00 1.00 0.00 1 1 
Diphoropria_not_really_AF379937 
0.00 0.00 0.00 1.00 0.00 0.00 0.00 0.00 0.00 0.00 0.00 0.00 0.00 0.00 0.00 0.00 0.00 0.00 0.00 1.00 0.00 0.00 1 1 
taxon1                          
1.00 0.00 0.00 0.00 0.00 0.00 0.00 0.00 0.00 0.00 0.00 0.00 0.00 0.00 0.00 0.00 0.00 0.00 1.00 0.00 0.00 0.00 1 1 
taxon2                          
0.00 0.00 0.00 0.00 0.00 0.00 0.00 0.00 0.00 0.00 0.00 0.00 0.00 0.00 0.00 0.00 0.00 0.00 0.00 0.00 0.00 0.00 0 0 
taxon3                          
0.00 0.00 0.00 0.00 0.00 0.00 0.00 0.00 0.00 0.00 0.00 0.00 0.00 0.00 0.00 0.00 0.00 0.00 0.00 0.00 0.00 0.00 0 0 
taxon4                          
0.00 0.00 0.00 0.00 0.00 0.00 0.00 0.00 0.00 0.00 0.00 0.00 0.00 0.00 0.00 0.00 0.00 0.00 0.00 0.00 0.00 0.00 0 0 


23
aus                             
0.50 0.00 0.00 0.50 0.00 1.00 0.00 0.00 0.00 0.00 0.00 0.00 0.00 0.00 0.00 0.00 0.00 0.00 1.00 1.00 0.00 0.00 2 1 
bus                             
0.00 0.00 0.50 0.50 0.00 0.00 0.00 0.00 0.00 0.00 0.00 0.00 0.00 0.00 0.00 0.00 0.00 0.00 0.00 1.00 1.00 0.00 2 1 
long_name_taxon_1               
0.50 0.50 0.00 0.00 0.00 0.00 0.00 1.00 0.00 0.00 0.00 0.00 0.00 0.00 0.00 0.00 0.00 0.00 1.00 0.00 0.00 1.00 2 1 
AF379936_Basalys_not_really     
0.00 1.00 0.00 0.00 0.00 0.00 0.00 0.00 0.00 0.00 0.00 0.00 0.00 0.00 0.00 0.00 0.00 0.00 0.00 0.00 0.00 1.00 1 1 
Diphoropria_not_really_AF379937 
0.00 1.00 0.00 0.00 0.00 0.00 0.00 0.00 0.00 0.00 0.00 0.00 0.00 0.00 0.00 0.00 0.00 0.00 0.00 0.00 0.00 1.00 1 1 
taxon1                          
0.00 1.00 0.00 0.00 0.00 0.00 0.00 0.00 0.00 0.00 0.00 0.00 0.00 0.00 0.00 0.00 0.00 0.00 0.00 0.00 0.00 1.00 1 1 
taxon2                          
0.50 0.50 0.00 0.00 0.00 0.00 0.00 1.00 0.00 0.00 0.00 0.00 0.00 0.00 0.00 0.00 0.00 0.00 1.00 0.00 0.00 1.00 2 1 
taxon3                          
0.00 1.00 0.00 0.00 0.00 0.00 0.00 0.00 0.00 0.00 0.00 0.00 0.00 0.00 0.00 0.00 0.00 0.00 0.00 0.00 0.00 1.00 1 1 
taxon4                          
0.00 1.00 0.00 0.00 0.00 0.00 0.00 0.00 0.00 0.00 0.00 0.00 0.00 0.00 0.00 0.00 0.00 0.00 0.00 0.00 0.00 1.00 1 1 


23
aus                             
0.25 0.25 0.25 0.25 0.14 0.00 0.00 0.14 0.00 0.14 0.14 0.00 0.00 0.00 0.50 0.00 0.00 0.00 0.00 0.50 1.50 2.00 8 1 
bus                             
0.50 0.00 0.25 0.25 0.33 0.00 0.00 0.00 0.00 0.00 0.00 0.00 0.00 0.00 0.50 0.00 0.00 0.00 0.00 1.00 1.00 0.00 4 1 
long_name_taxon_1               
0.20 0.20 0.20 0.40 0.00 0.25 0.00 0.00 0.00 0.00 0.00 0.00 0.25 0.00 0.00 0.00 0.00 0.00 1.00 0.50 1.00 1.00 5 1 
AF379936_Basalys_not_really     
0.00 0.00 0.00 0.00 0.00 0.00 0.00 0.00 0.00 0.00 0.00 0.00 0.00 0.00 0.00 0.00 0.00 0.00 0.00 0.00 0.00 0.00 0 0 
Diphoropria_not_really_AF379937 
0.22 0.67 0.11 0.00 0.00 0.00 0.00 0.25 0.00 0.00 0.00 0.00 0.13 0.38 0.00 0.00 0.00 0.50 1.00 0.00 1.00 0.33 9 1 
taxon1                          
0.11 0.78 0.11 0.00 0.00 0.00 0.00 0.13 0.00 0.00 0.00 0.00 0.13 0.63 0.00 0.00 0.00 0.71 1.00 0.00 1.00 0.14 9 1 
taxon2                          
0.09 0.55 0.27 0.09 0.00 0.00 0.00 0.10 0.00 0.10 0.00 0.10 0.20 0.20 0.00 0.00 0.33 0.33 1.00 1.00 1.00 0.83 11 1 
taxon3                          
0.13 0.50 0.25 0.13 0.00 0.00 0.14 0.00 0.00 0.14 0.00 0.00 0.14 0.43 0.00 0.00 0.00 0.75 1.00 1.00 2.50 0.00 8 1 
taxon4                          
0.00 0.38 0.25 0.38 0.00 0.00 0.00 0.00 0.14 0.14 0.14 0.00 0.14 0.14 0.00 0.33 0.00 0.33 0.00 0.33 3.00 0.67 8 1